function [basisPoints] = quadratic0()
    basisPoints = [-8.52599980736871e-2;
                   -0.12434719365631879;
                   -8.52599980736871e-2;
                   0.20960719173000555;
                   -0.12434719365631879;
                   0.20960719173000555];

function [basisPoints] = quadratic1()
    basisPoints = [0.20960719173000555;
                   0.20960719173000555;
                   -0.12434719365631877;
                   -0.12434719365631877;
                   -8.52599980736871e-2;
                   -8.52599980736871e-2];

function [basisPoints] = quadratic2()
    basisPoints = [-0.12434719365631877;
                   -8.52599980736871e-2;
                   0.20960719173000555;
                   -8.52599980736871e-2;
                   0.20960719173000555;
                   -0.12434719365631877];

function [basisPoints] = quadratic3()
    basisPoints = [0.2874388755813007;
                   0.6114019857068721;
                   0.1011591387118275;
                   0.6114019857068721;
                   0.10115913871182751;
                   0.2874388755813007];

function [basisPoints] = quadratic4()
    basisPoints = [0.6114019857068721;
                   0.2874388755813007;
                   0.6114019857068721;
                   0.1011591387118275;
                   0.2874388755813007;
                   0.1011591387118275];

function [basisPoints] = quadratic5()
    basisPoints = [0.1011591387118275;
                   0.10115913871182751;
                   0.2874388755813007;
                   0.2874388755813007;
                   0.6114019857068721;
                   0.6114019857068721];

function [basisPoints] = quadraticGrad0()
    basisPoints = [0.563843963708492,0.563843963708492;
                   7.226652578787585e-2, 7.226652578787585e-2;
                   0.563843963708492, 0.563843963708492;
                   -1.6361104894963678, -1.6361104894963678;
                   7.226652578787585e-2, 7.226652578787585e-2;
                   -1.6361104894963678,-1.6361104894963678];

function [basisPoints] = quadraticGrad1()
    basisPoints = [1.6361104894963678,0.0;
                   1.6361104894963678, 0.0;
                   -7.22665257878759e-2, 0.0;
                   -7.22665257878759e-2, 0.0;
                   -0.563843963708492, 0.0;
                   -0.563843963708492,0.0];

function [basisPoints] = quadraticGrad2()
    basisPoints = [0.0,-7.22665257878759e-2;
                   0.0, -0.563843963708492;
                   0.0, 1.6361104894963678;
                   0.0, -0.563843963708492;
                   0.0, 1.6361104894963678;
                   0.0,-7.22665257878759e-2];

function [basisPoints] = quadraticGrad3()
    basisPoints = [-2.19995445320486,-2.636110489496368;
                   -1.7083770152842437, -2.636110489496368;
                   -0.49157743792061603, -0.927733474212124;
                   1.7083770152842437, -0.927733474212124;
                   0.49157743792061614, -0.436156036291508;
                   2.19995445320486,-0.436156036291508];

function [basisPoints] = quadraticGrad4()
    basisPoints = [0.927733474212124,2.636110489496368;
                   0.436156036291508, 2.636110489496368;
                   2.636110489496368, 0.927733474212124;
                   0.436156036291508, 0.927733474212124;
                   2.636110489496368, 0.436156036291508;
                   0.927733474212124,0.436156036291508];

function [basisPoints] = quadraticGrad5()
    basisPoints = [-0.927733474212124,-0.49157743792061603;
                   -0.436156036291508, 0.49157743792061614;
                   -2.636110489496368, -2.19995445320486;
                   -0.436156036291508, 2.19995445320486;
                   -2.636110489496368, -1.7083770152842437;
                   -0.927733474212124,1.7083770152842437];


